0 0.615234375 0.74609375 0.2724609375 0.39453125
0 0.2158203125 0.728515625 0.1552734375 0.1474609375
0 0.0947265625 0.478515625 0.1484375 0.2060546875
0 0.189453125 0.2138671875 0.13671875 0.126953125
0 0.1181640625 0.337890625 0.140625 0.111328125
0 0.447265625 0.2197265625 0.208984375 0.1396484375
0 0.537109375 0.478515625 0.2041015625 0.1142578125
0 0.3447265625 0.5732421875 0.1904296875 0.18359375
0 0.4013671875 0.822265625 0.1572265625 0.1474609375
0 0.60546875 0.119140625 0.1806640625 0.2373046875
0 0.3544921875 0.0703125 0.1611328125 0.1396484375