0 0.3515625 0.173828125 0.0390625 0.0791015625
0 0.4970703125 0.1669921875 0.244140625 0.28515625
0 0.6044921875 0.060546875 0.13671875 0.1162109375
0 0.736328125 0.1982421875 0.052734375 0.1162109375
0 0.7607421875 0.326171875 0.1533203125 0.0849609375
0 0.80859375 0.458984375 0.1259765625 0.173828125
0 0.48046875 0.4765625 0.1298828125 0.138671875
0 0.4541015625 0.7060546875 0.1259765625 0.2861328125
0 0.703125 0.724609375 0.1044921875 0.158203125
0 0.501953125 0.46875 0.1083984375 0.1640625
0 0.4609375 0.912109375 0.1484375 0.16796875